[[   978.      0.      8.      0.      0.      1.      3.      1.      4.       9.   1004.]
 [     1.   1128.      0.      0.      3.      0.      3.     11.      2.       6.   1154.]
 [     0.      3.   1005.      1.      1.      0.      0.      5.      2.       1.   1018.]
 [     0.      1.      5.    974.      0.     19.      0.      2.     15.       4.   1020.]
 [     0.      1.      0.      1.    937.      1.      2.      1.      2.       9.    954.]
 [     0.      1.      0.     14.      0.    847.      3.      0.      4.       2.    871.]
 [     0.      1.      1.      0.      6.     11.    947.      0.      5.       1.    972.]
 [     1.      0.     10.      4.      2.      1.      0.    997.      5.       9.   1029.]
 [     0.      0.      2.      8.      1.      6.      0.      0.    931.       4.    952.]
 [     0.      0.      1.      8.     32.      6.      0.     11.      4.     964.   1026.]
 [   980.   1135.   1032.   1010.    982.    892.    958.   1028.    974.    1009.  20000.]]

Accuracy of the system is :  97.08 %
Class  0 :
Precision: 0.974103585657
Recall: 0.997959183673
Class  1 :
Precision: 0.977469670711
Recall: 0.993832599119
Class  2 :
Precision: 0.987229862475
Recall: 0.973837209302
Class  3 :
Precision: 0.954901960784
Recall: 0.964356435644
Class  4 :
Precision: 0.982180293501
Recall: 0.954175152749
Class  5 :
Precision: 0.972445464983
Recall: 0.949551569507
Class  6 :
Precision: 0.974279835391
Recall: 0.988517745303
Class  7 :
Precision: 0.968901846453
Recall: 0.969844357977
Class  8 :
Precision: 0.977941176471
Recall: 0.955852156057
Class  9 :
Precision: 0.939571150097
Recall: 0.955401387512

sklearn cosine
=============
duration =  -1.792771339416504

our cosine
=============
duration =  -122.2486515045166

sklearn nn-clasifier
=============
0.9708
duration 10.650738000869751





